Starting Dynare (version 6.0).
Calling Dynare with arguments: none
Starting preprocessing of the model file ... 
Found 16 equation(s). 
Evaluating expressions... 
Computing static model derivatives (order 1). 
Normalizing the static model... 
Finding the optimal block decomposition of the static model... 
8 block(s) found: 
  7 recursive block(s) and 1 simultaneous block(s). 
  the largest simultaneous block has 6 equation(s) 
                                 and 6 feedback variable(s). 
Computing dynamic model derivatives (order 1). 
Normalizing the dynamic model... 
Finding the optimal block decomposition of the dynamic model... 
5 block(s) found: 
  4 recursive block(s) and 1 simultaneous block(s). 
  the largest simultaneous block has 6 equation(s) 
                                 and 6 feedback variable(s). 
Preprocessing completed. 
Preprocessing time: 0h00m00s.

STEADY-STATE RESULTS:

xtil  		 0
y     		 0
pitil 		 0
pi    		 0
r     		 0
i     		 0
u     		 0
gamma 		 0
delta 		 0
xe    		 0
ye    		 0
re    		 0
ie    		 0
gya   		 2.2555
pia   		 2.2251
iras  		 3.8629

EIGENVALUES:
         Modulus             Real        Imaginary
          0.2108           0.2108                0
          0.4819           0.4819                0
          0.7158           0.7158                0
          0.7232           0.7232                0
           0.766           0.7618          0.07964
           0.766           0.7618         -0.07964
          0.9665           0.9665                0
           1.015            1.015                0
           1.112            1.112                0
           1.227            1.227                0
           1.411            1.411                0
             Inf              Inf                0
             Inf              Inf                0
             Inf              Inf                0

There are 7 eigenvalue(s) larger than 1 in modulus for 7 forward-looking variable(s)
The rank condition is verified.


MODEL SUMMARY

  Number of variables:         16
  Number of stochastic shocks: 4
  Number of state variables:   7
  Number of jumpers:           7
  Number of static variables:  6


MATRIX OF COVARIANCE OF EXOGENOUS SHOCKS
Variables          ei        eu    edelta    egamma
ei           1.000000  0.000000  0.000000  0.000000
eu           0.000000  1.000000  0.000000  0.000000
edelta       0.000000  0.000000  1.000000  0.000000
egamma       0.000000  0.000000  0.000000  1.000000

POLICY AND TRANSITION FUNCTIONS
                                xtil               y           pitil              pi               r               i               u           gamma           delta              xe              ye              re              ie             gya             pia            iras
Constant                           0               0               0               0               0               0               0               0               0               0               0               0               0        2.255500        2.225100        3.862900
y(-1)                      -0.014549        0.740558        0.000120        0.000120        0.019228        0.019250               0               0               0        0.740558               0               0        0.000022     -103.776857        0.047960        7.699853
i(-1)                      -0.149109       -0.350592       -0.006455       -0.006455        0.794122        0.785914               0               0               0       -0.350592               0               0       -0.008208     -140.236835       -2.582067      314.365516
u(-1)                      -0.016334       -0.066067        0.264826        0.264826       -0.106385        0.075813        0.210800               0               0       -0.066067               0               0        0.182198      -26.426622      105.930335       30.325264
pi(-1)                     -0.028442       -0.099635       -0.002229        0.479071       -0.090946        0.137662               0               0               0       -0.099635               0               0        0.228608      -39.853990      191.628276       55.064807
gamma(-1)                   0.070891       -0.182105        0.001344        0.001344        0.002147        0.003495               0        0.723200               0        0.119536       -0.301641        0.647970        0.649317      216.438072        0.537635        1.397987
delta(-1)                   0.401759        1.849891        0.090484        0.090484       -0.068050        0.062898               0               0        0.966500        1.403270        0.446622        0.646590        0.777538      739.956563       36.193424       25.159271
ye(-1)                      0.042188        0.031927        0.000742        0.000742       -0.018532       -0.017528               0               0               0       -0.683919        0.715845        0.191918        0.192922       12.770782        0.296909       -7.011067
ei                         -0.000159       -0.000374       -0.000007       -0.000007        0.000847        0.000838               0               0               0       -0.000374               0               0       -0.000009       -0.149581       -0.002754        0.335313
eu                         -0.000082       -0.000333        0.001334        0.001334       -0.000536        0.000382        0.001062               0               0       -0.000333               0               0        0.000918       -0.133167        0.533797        0.152813
edelta                      0.001061        0.004885        0.000239        0.000239       -0.000180        0.000166               0               0        0.002552        0.003706        0.001179        0.001707        0.002053        1.954014        0.095576        0.066438
egamma                      0.000450       -0.001156        0.000009        0.000009        0.000014        0.000022               0        0.004591               0        0.000759       -0.001915        0.004114        0.004122        1.374062        0.003413        0.008875


MOMENTS OF SIMULATED VARIABLES
VARIABLE              MEAN       STD. DEV.        VARIANCE        SKEWNESS        KURTOSIS
xtil              0.000447        0.003211        0.000010       -0.151968        0.420593
y                 0.011894        0.066921        0.004478       -0.278228        0.601688
pitil             0.000251        0.001697        0.000003       -0.046129        0.114791
pi                0.000486        0.002525        0.000006        0.031051        0.257311
r                 0.001487        0.007349        0.000054       -0.125909        0.572568
i                 0.001903        0.009027        0.000081       -0.089019        0.547177
u                 0.000063        0.001098        0.000001       -0.077183        0.093969
gamma            -0.000222        0.006402        0.000041       -0.243534        0.059452
delta             0.001934        0.010868        0.000118       -0.189139        0.562825
xe                0.008456        0.050524        0.002553       -0.235829        0.589809
ye                0.003438        0.017600        0.000310       -0.319536        0.374503
re                0.001752        0.011857        0.000141       -0.113958        0.451822
ie                0.002168        0.013582        0.000184       -0.096948        0.451012
gya               2.185013        3.617644       13.087348       -0.061819        0.082565
pia               2.419351        1.010034        1.020168        0.031051        0.257311
iras              4.624139        3.610920       13.038746       -0.089019        0.547177


CORRELATION OF SIMULATED VARIABLES
VARIABLE       xtil        y    pitil       pi        r        i        u    gamma    delta       xe       ye       re       ie      gya      pia     iras
xtil         1.0000   0.8834   0.5319   0.6414   0.6932   0.7507  -0.0328   0.2319   0.9568   0.9001   0.7750   0.9127   0.9207   0.4959   0.6414   0.7507
y            0.8834   1.0000   0.5601   0.7209   0.9111   0.9404  -0.0006   0.0167   0.9720   0.9940   0.9490   0.8725   0.8937   0.0496   0.7209   0.9404
pitil        0.5319   0.5601   1.0000   0.9080   0.4387   0.5663   0.8152   0.0388   0.5837   0.5589   0.5253   0.5218   0.5946   0.1178   0.9080   0.5663
pi           0.6414   0.7209   0.9080   1.0000   0.6445   0.7543   0.6016   0.0525   0.7293   0.7182   0.6793   0.6633   0.7317   0.0789   1.0000   0.7543
r            0.6932   0.9111   0.4387   0.6445   1.0000   0.9870  -0.0560   0.0776   0.8499   0.9085   0.8563   0.8077   0.8200  -0.1128   0.6445   0.9870
i            0.7507   0.9404   0.5663   0.7543   0.9870   1.0000   0.0674   0.0786   0.8952   0.9382   0.8825   0.8413   0.8650  -0.0540   0.7543   1.0000
u           -0.0328  -0.0006   0.8152   0.6016  -0.0560   0.0674   1.0000  -0.0154   0.0058  -0.0050   0.0120  -0.0007   0.0745  -0.0534   0.6016   0.0674
gamma        0.2319   0.0167   0.0388   0.0525   0.0776   0.0786  -0.0154   1.0000   0.0802   0.1059  -0.2404   0.4885   0.4367   0.6236   0.0525   0.0786
delta        0.9568   0.9720   0.5837   0.7293   0.8499   0.8952   0.0058   0.0802   1.0000   0.9753   0.8963   0.9000   0.9208   0.2586   0.7293   0.8952
xe           0.9001   0.9940   0.5589   0.7182   0.9085   0.9382  -0.0050   0.1059   0.9753   1.0000   0.9087   0.9065   0.9234   0.1159   0.7182   0.9382
ye           0.7750   0.9490   0.5253   0.6793   0.8563   0.8825   0.0120  -0.2404   0.8963   0.9087   1.0000   0.7150   0.7474  -0.1440   0.6793   0.8825
re           0.9127   0.8725   0.5218   0.6633   0.8077   0.8413  -0.0007   0.4885   0.9000   0.9065   0.7150   1.0000   0.9951   0.4112   0.6633   0.8413
ie           0.9207   0.8937   0.5946   0.7317   0.8200   0.8650   0.0745   0.4367   0.9208   0.9234   0.7474   0.9951   1.0000   0.3841   0.7317   0.8650
gya          0.4959   0.0496   0.1178   0.0789  -0.1128  -0.0540  -0.0534   0.6236   0.2586   0.1159  -0.1440   0.4112   0.3841   1.0000   0.0789  -0.0540
pia          0.6414   0.7209   0.9080   1.0000   0.6445   0.7543   0.6016   0.0525   0.7293   0.7182   0.6793   0.6633   0.7317   0.0789   1.0000   0.7543
iras         0.7507   0.9404   0.5663   0.7543   0.9870   1.0000   0.0674   0.0786   0.8952   0.9382   0.8825   0.8413   0.8650  -0.0540   0.7543   1.0000


AUTOCORRELATION OF SIMULATED VARIABLES
VARIABLE          1        2        3        4        5
xtil         0.9288   0.8654   0.8127   0.7656   0.7146
y            0.9933   0.9796   0.9604   0.9376   0.9124
pitil        0.4489   0.2961   0.3119   0.3084   0.3050
pi           0.8093   0.6519   0.5801   0.5399   0.5125
r            0.9804   0.9616   0.9436   0.9241   0.9028
i            0.9900   0.9765   0.9590   0.9394   0.9178
u            0.1989  -0.0194   0.0203   0.0260   0.0309
gamma        0.7129   0.5236   0.4000   0.2795   0.1835
delta        0.9717   0.9436   0.9160   0.8896   0.8622
xe           0.9930   0.9788   0.9589   0.9351   0.9089
ye           0.9870   0.9621   0.9302   0.8951   0.8590
re           0.9162   0.8596   0.8217   0.7812   0.7392
ie           0.9286   0.8785   0.8439   0.8058   0.7660
gya          0.7461   0.5422   0.3970   0.2797   0.1568
pia          0.8093   0.6519   0.5801   0.5399   0.5125
iras         0.9900   0.9765   0.9590   0.9394   0.9178



VARIANCE DECOMPOSITION SIMULATING ONE SHOCK AT A TIME (in percent)
                       ei                eu            edelta            egamma  Tot. lin. contr.
xtil                 0.47              0.46             94.93              2.68             98.54
y                    0.05              0.10            101.32              0.57            102.03
pitil                0.00             66.03             33.59              0.00             99.62
pi                   0.00             45.91             54.37              0.00            100.28
r                    2.73              1.66             92.04              0.06             96.49
i                    1.76              1.77             93.49              0.04             97.06
u                    0.00            100.11              0.00              0.00            100.11
gamma                0.00              0.00              0.00            100.11            100.11
delta                0.00              0.00            100.11              0.00            100.11
xe                   0.08              0.17             99.46              0.14             99.85
ye                   0.00              0.00             93.18             14.60            107.78
re                   0.00              0.00             77.05             18.50             95.56
ie                   0.00              0.63             81.28             14.16             96.07
gya                  0.26              0.29             59.91             35.56             96.02
pia                  0.00             45.91             54.37              0.00            100.28
iras                 1.76              1.77             93.49              0.04             97.06
Note: numbers do not add up to 100 due to non-zero correlation of simulated shocks in small samples

Total computing time : 0h00m01s
