% Dataset generated by TwocountryApprox.mod
% 01-Jul-2024 14:09:37
c1 = [
      0.8505068
     0.83737074
      0.8266847
     0.82485372
     0.89517387
     0.92012244
     0.93380169
     0.94468776
     0.96403525
     0.99967012
     0.99901833
      1.0279947
      1.0486389
      1.0566384
      1.0528189
      1.0493557
      1.0261858
      1.0042289
     0.99246581
     0.98146198
     0.97040821
     0.97032887
     0.95428495
     0.95275358
     0.97167732
     0.95976243
     0.92944357
     0.93979963
     0.93085802
     0.93608856
     0.92069492
     0.93452342
     0.95014228
     0.92403532
     0.93445495
      0.9334385
      0.9386752
     0.91239853
     0.89732024
     0.88787403
       0.901931
     0.91921342
     0.91721839
     0.92250658
      0.9108388
      0.8967188
     0.93015525
      0.9249143
     0.90128982
      0.8726754
     0.86639546
     0.85641967
     0.84832155
     0.85771342
     0.87231998
     0.83843143
     0.83771656
     0.84693945
     0.83976137
     0.82226789
     0.86107686
     0.86619637
     0.85924379
     0.86848135
     0.85404897
     0.83972126
      0.8253965
     0.82580022
     0.82128352
     0.81984048
      0.8156022
     0.79131217
     0.76772989
     0.74441635
     0.72779603
     0.72874765
     0.71677571
     0.72425627
     0.73100959
     0.72287276
     0.71058718
     0.72614963
     0.75016637
     0.73071293
     0.73930235
     0.70089163
     0.68715104
     0.69515866
     0.69632551
     0.70195264
     0.69404492
     0.68239674
      0.7010702
     0.70590537
     0.71605871
     0.71563286
      0.7161177
     0.72924124
     0.75582721
      0.7666108
     0.76294719
     0.78118021
     0.79353443
     0.79096978
     0.79107147
     0.80670463
     0.79512308
     0.77561711
     0.76988795
      0.7836279
     0.79086068
     0.80389903
     0.78475885
     0.78635641
     0.78896865
       0.780236
     0.76134304
     0.75056785
      0.7150797
     0.71975991
      0.7164371
     0.71904975
      0.7037663
     0.72012661
     0.72350235
     0.71718429
     0.72618864
     0.72203207
     0.72151707
     0.75235164
     0.74994194
     0.74402522
      0.7326698
     0.72565681
     0.73452225
     0.75233311
     0.75998525
     0.75607512
     0.75435973
     0.75595091
     0.77496669
     0.79663993
     0.81476281
     0.80520335
     0.80356646
     0.78361753
     0.80447685
     0.80575426
     0.78612936
     0.73508505
     0.72040496
      0.7282139
     0.72831885
      0.7338165
     0.74970359
      0.7607838
     0.77371024
     0.74823352
     0.73045256
     0.74627528
     0.73120593
     0.72965042
     0.73805852
     0.72742687
     0.71716017
     0.69681601
     0.67683852
     0.66840978
     0.70428532
     0.68469895
     0.66752489
     0.67793115
     0.69460314
     0.69683677
     0.70906331
     0.72721749
     0.70397076
     0.72052768
     0.73208517
     0.72787488
     0.72472755
     0.73443619
     0.75019535
     0.74028699
     0.73890206
     0.72695898
     0.71777642
      0.7119117
      0.7130595
      0.7052219
     0.74385916
     0.75002491
     0.76402957
     0.78842753
     0.78847681
     0.78344455
      0.7686815
     0.75723074
     0.74503785
      0.7508274
];

c2 = [
      0.8505068
     0.83737074
      0.8266847
     0.82485372
     0.89517387
     0.92012244
     0.93380169
     0.94468776
     0.96403525
     0.99967012
     0.99901833
      1.0279947
      1.0486389
      1.0566384
      1.0528189
      1.0493557
      1.0261858
      1.0042289
     0.99246581
     0.98146198
     0.97040821
     0.97032887
     0.95428495
     0.95275358
     0.97167732
     0.95976243
     0.92944357
     0.93979963
     0.93085802
     0.93608856
     0.92069492
     0.93452342
     0.95014228
     0.92403532
     0.93445495
      0.9334385
      0.9386752
     0.91239853
     0.89732024
     0.88787403
       0.901931
     0.91921342
     0.91721839
     0.92250658
      0.9108388
      0.8967188
     0.93015525
      0.9249143
     0.90128982
      0.8726754
     0.86639546
     0.85641967
     0.84832155
     0.85771342
     0.87231998
     0.83843143
     0.83771656
     0.84693945
     0.83976137
     0.82226789
     0.86107686
     0.86619637
     0.85924379
     0.86848135
     0.85404897
     0.83972126
      0.8253965
     0.82580022
     0.82128352
     0.81984048
      0.8156022
     0.79131217
     0.76772989
     0.74441635
     0.72779603
     0.72874765
     0.71677571
     0.72425627
     0.73100959
     0.72287276
     0.71058718
     0.72614963
     0.75016637
     0.73071293
     0.73930235
     0.70089163
     0.68715104
     0.69515866
     0.69632551
     0.70195264
     0.69404492
     0.68239674
      0.7010702
     0.70590537
     0.71605871
     0.71563286
      0.7161177
     0.72924124
     0.75582721
      0.7666108
     0.76294719
     0.78118021
     0.79353443
     0.79096978
     0.79107147
     0.80670463
     0.79512308
     0.77561711
     0.76988795
      0.7836279
     0.79086068
     0.80389903
     0.78475885
     0.78635641
     0.78896865
       0.780236
     0.76134304
     0.75056785
      0.7150797
     0.71975991
      0.7164371
     0.71904975
      0.7037663
     0.72012661
     0.72350235
     0.71718429
     0.72618864
     0.72203207
     0.72151707
     0.75235164
     0.74994194
     0.74402522
      0.7326698
     0.72565681
     0.73452225
     0.75233311
     0.75998525
     0.75607512
     0.75435973
     0.75595091
     0.77496669
     0.79663993
     0.81476281
     0.80520335
     0.80356646
     0.78361753
     0.80447685
     0.80575426
     0.78612936
     0.73508505
     0.72040496
      0.7282139
     0.72831885
      0.7338165
     0.74970359
      0.7607838
     0.77371024
     0.74823352
     0.73045256
     0.74627528
     0.73120593
     0.72965042
     0.73805852
     0.72742687
     0.71716017
     0.69681601
     0.67683852
     0.66840978
     0.70428532
     0.68469895
     0.66752489
     0.67793115
     0.69460314
     0.69683677
     0.70906331
     0.72721749
     0.70397076
     0.72052768
     0.73208517
     0.72787488
     0.72472755
     0.73443619
     0.75019535
     0.74028699
     0.73890206
     0.72695898
     0.71777642
      0.7119117
      0.7130595
      0.7052219
     0.74385916
     0.75002491
     0.76402957
     0.78842753
     0.78847681
     0.78344455
      0.7686815
     0.75723074
     0.74503785
      0.7508274
];

